[[    0     0     0     0     0     0     0     0     0   506     0     2
      1     0     0     0     0     0     0     0     0     0     0]
 [    0     0     0     0     0     0     0     0     0  1197     0    18
      0     0     0     0     6     0     0     0     0     0     0]
 [    0     0   575     9     0     0     2     0     0     0     0     0
      0     0     0     0     0     4     0     0     0     0     0]
 [    0     0     4 38392     0     2    10     0     0     0     0     0
      0     0     0     0     0     0     0     0     0     0     0]
 [    0     0     0     0     4     0     0     0     0  6534     0   150
     15     0     0     0    45     0     0     0     0     0     0]
 [    0     0     0     0     0  3041    46     0     1     0     0     0
      0     0     0     0     0     0     0     0     0     0     0]
 [    0     0     0     6     0    27 69250     1     0     0     0     0
      0     0     0    37     0     0     0     1     0     0     0]
 [    0     0     0     1     0     5     2  1558    81     0     0     0
      0     0     0     0     0     1     0     2     0     0     0]
 [    0     0     1     1     0     7     3    60  1662     0     0     0
      0     0     0     0     0     3     0     2     0     0     0]
 [    0     2     0     0     0     0     0     0     0 16782     0   694
     88     0     0     0   173     0     0     0     0     0     0]
 [    0     0     0     0     0     0     1     0     4     0  2374     0
      0     0     0     0     0     1     0     1     0     0     0]
 [    0     1     0     0     0     0     0     0     0  4574     0  2522
    148     0     0     0   441     0     0     0     0     0     0]
 [    0     0     0     0     1     0     0     0     0  1182     0   217
   4013     0     0     0    17     0     0     0     0     0     0]
 [    0     0     0     1     0     0     0     0     0     0     0     0
      2     0     0     0     0     0     0     0     0     0     0]
 [    0     0     1     1     0     0     0     0     1     0     0     0
      0     0     7     0     0     1     0     0     0     0     0]
 [    0     0     5    18     0    14    23     0     0     0     0     2
      0     0     0 47614     0     1     0     2     0     0     0]
 [    0     1     0     0     0     0     0     0     0  2675     0    32
      1     0     0     0  1852     0     0     0     0     0     0]
 [    0     0     0     0     0     2     5     0     1     0    10     0
      0     0     0     0     0  1749     0     2     0     0     0]
 [    0     0     0     0     0     0     0     0     0    28     0   125
      0     0     0     0   107     0     0     0     0     0     0]
 [    0     0     0     0     0     0     9     0     0     0     0     0
      0     0     0     0     0    58     0   385     0     0     0]
 [    0     0     0     0     0     4     0     0     0     0     0     0
      0     0     0     0     0     2     0     0     0     0     0]
 [    0     0     0     0     0     1     2     0     0     0     0     0
      0     0     0     0     0     3     0   190     0     0     0]
 [    0     0     0     0     0     0     0     0     0    14     0    15
      2     0     0     0     0     0     0     0     0     0     0]]