[[  418     3     0     0     0     0     0     0     0     0     0     0
      0     0     0     0     3     0     1     0     0     0    84]
 [ 1123    10     0     0     0     0     0     0     0     0     0     7
      0     0     0     0    28     0     6     0     0     0    47]
 [    0     0   588     0     0     0     0     0     2     0     0     0
      0     0     0     0     0     0     0     0     0     0     0]
 [    0     0    37 38302     0     0    15     9     0     0     0     0
      0     0    45     0     0     0     0     0     0     0     0]
 [ 5846    80     0     0     0     0     0     0     0     3     0     5
      2     0     0     0   115     0    81     0     0     0   616]
 [    0     0     0     0     0  2514     0     0    14     0     0     0
      0     0     0     0     0     0     0    74   486     0     0]
 [    0     0     1    62     0 19551 25881    64     6     0     0     0
      0     0     3     0     0     0     0 19402  4351     1     0]
 [    0     0    17     0     0   293     0   985   131     0    80     0
      0     0     1     0     0     0     0    68    73     2     0]
 [    0     0     0     1     0    63     2   496  1059     0    52     0
      0     0     0     0     0     0     0     9    55     2     0]
 [11264   203     0     0     0     0     0     0     0   234     0   100
     18     0     0     0   231     0   125     0     0     0  5564]
 [    0     0     0     0     0     0     0     0     4     0  2373     0
      0     0     0     0     0     1     0     1     1     1     0]
 [ 3770    58     0     0     0     0     0     0     0     1     0     3
    195     0     0     0    58     0  1460     0     0     0  2141]
 [  716    15     0     0     0     0     0     0     0     7     0     7
   3928     0     0     0    11     0   123     0     0     0   623]
 [    0     0     0     0     0     0     0     0     0     0     0     0
      0     3     0     0     0     0     0     0     0     0     0]
 [    0     0     1     0     0     0     0     0     0     0     0     0
      0     0    10     0     0     0     0     0     0     0     0]
 [    2     0   217     0     0    20     0    47     0     0     0     0
      0     0     7 47180     0     0     0   180    24     2     0]
 [ 2335    29     0     0     0     0     0     0     0     0     0     0
      0     0     0     0    40     0  1789     0     0     0   368]
 [    0     0     0     0     0     0     0     0     2     0     3     0
      0     0     0     0     0    59     0    11  1694     0     0]
 [    0     0     0     0     0     0     0     0     0     0     0     0
      0     0     0     0     1     0   209     0     0     0    50]
 [    0     0     0     0     0     0     0     0     0     0     0     0
      0     0     0     0     0    21     0     0    64   367     0]
 [    0     0     0     0     0     0     0     0     0     0     0     0
      0     0     0     0     0     0     0     0     6     0     0]
 [    0     0     0     0     0     0     0     0     0     0     0     0
      0     0     0     0     0     0     0     2     8   186     0]
 [    0     0     0     0     0     0     0     0     0     0     0     0
      0     0     0     0     0     0     6     0     0     0    25]]