[[  170   171     0     0   384     0     0     0     0    70     0     6
      0     0     0     0     1     0     0     0     0     0     1]
 [  107   129     0     0   346     0     0     0     0     9     0     5
      0     0     0     0    67     0    13     0     0     0    23]
 [    0     0   362     0     0     1     0     0     1     0     0     0
      0     0     0     0     0     0     0     0     5     0     0]
 [    0     0     0 28756     0    36    16     0     0     0     0     0
      0     0     0     0     0     0     0     0     0     0     0]
 [  511   720     1     0  2505     2     1     0     0   617     0   104
     43     0    14     0   111     0   123     0     0     0   154]
 [    0     0     0    36     0  1970   474     0   154     0     0     0
      0     0     0     0     0     0     0     0     0     0     0]
 [    0     0     0     0     0    35 48143     1   147     0     0     0
      0     0     0     0     0     0     0     1     0     2     0]
 [    0     0     0     0     0    17    17  1673   894     0     0     0
      0     0     0     0     0     0     0    49     1     0     0]
 [    0     0     0     0     0     4    84   516  2004     0     0     0
      0     0     0     0     0     0     0     3     0     1     0]
 [  625   927     2     0  3400     0     2     0     0  5612     0   506
     92     0     0     0   383     5   443     0     0     0  1361]
 [    0     0     0     0     0     0     0     0     0     0  1197     0
      0     0     0     0     0     0     0     0     0     0     0]
 [  129   296     1     1   380     0     0     0     0    40     0  4996
     86     0     0     0   610     0   507     0     0     0   228]
 [   86    93     1     0   364     0     0     0     0   506     0   143
  63002     0     0     0   106     2   197     0     0     0   144]
 [    0     0     0     0     0     0     0     0     0     0     0     0
      0     6     0     0     0     0     0     0     0     0     0]
 [    0     0     2     0     0     0     0     0     1     0     0     0
      0     0    15     0     0     0     0     0     0     0     0]
 [    0     0    57     8     0     2    15     0     0     0     0     0
      0     0     0 47558     0     0     0    36     4     1     0]
 [   85   113     0     0   434     0     0     0     0    13     0   150
     11     0     0     0  1452     0  1388     0     0     0   550]
 [    0     0     0     0     0     0     4     0     0     0     0     0
      0     0     0     0     0   886     0     4     0     1     0]
 [    0     0     0     0     0     0     0     0     0     0     0    33
      0     0     0     0   134     0   286     0     0     0     0]
 [    0     0     0     0     0    29     0     0     0     0     0     0
      0     0     0     0     0     0     0    95    22   263     0]
 [    0     0     0     0     0     1     0     0     0     0     0     0
      0     0     0     0     0     0     0     0     3     0     0]
 [    0     0     0     0     0     3     0     0     0     0     0     0
      0     0    10     0     0     0     0    51     1   129     0]
 [    0     0     0     0     1     0     0     0     0     1     0     1
      0     0     0     0     1     0     8     0     0     0    40]]