[[   67     0     0     0    67     0     0     0     0   268     0    57
     31     0     0     0    19     0     0     0     0     0     0]
 [   39    23     0     0   260     0     0     0     0   600     0   210
     81     0     0     0     6     0     2     0     0     0     0]
 [    0     0   586     2     0     0     0     0     2     0     0     0
      0     0     0     0     0     0     0     0     0     0     0]
 [    0     0     1 38402     0     0     5     0     0     0     0     0
      0     0     0     0     0     0     0     0     0     0     0]
 [   74    14     0     0  1289     0     0     0     0  3876     0   504
    535     0     0     0   445     0    11     0     0     0     0]
 [    0     0     0     0     0  3082     5     1     0     0     0     0
      0     0     0     0     0     0     0     0     0     0     0]
 [    0     0     0     0     0    11 69305     0     0     0     0     0
      0     0     0     5     0     0     0     0     0     1     0]
 [    0     0     0     1     0     2     1  1636     5     0     0     0
      0     0     0     1     0     2     0     2     0     0     0]
 [    0     0     0     2     0     2     0    12  1718     0     0     0
      0     0     0     0     0     3     0     2     0     0     0]
 [  160    49     0     0  2538     0     0     0     0 12065     0  1131
    718     0     0     0  1069     0     9     0     0     0     0]
 [    0     0     0     0     0     0     0     0     1     0  2378     0
      0     0     0     0     0     0     0     2     0     0     0]
 [   90    16     0     0   642     0     1     0     0  2422     0  3951
    205     0     0     0   299     0    60     0     0     0     0]
 [    5     6     0     0   162     0     0     0     0   665     0   141
   4413     0     0     0    33     0     5     0     0     0     0]
 [    0     0     0     0     0     0     0     0     0     0     0     0
      0     3     0     0     0     0     0     0     0     0     0]
 [    0     0     0     0     0     2     0     0     0     0     0     0
      0     0     7     0     0     1     0     1     0     0     0]
 [    0     0     0     1     0     0    16     0     0     2     0     0
      0     0     0 47657     0     1     0     1     0     1     0]
 [    8     8     0     0   433     0     0     0     0  1658     0   185
    128     0     0     0  2140     0     1     0     0     0     0]
 [    0     0     0     0     0     0     2     0     2     0     1     0
      0     0     0     0     0  1764     0     0     0     0     0]
 [    0     0     0     0     8     0     0     0     0    41     0   123
      6     0     0     0    23     0    59     0     0     0     0]
 [    0     0     0     0     0     0     0     0     0     0     0     0
      0     0     0     0     0     1     0   385     0    66     0]
 [    0     0     0     0     0     3     0     0     0     0     0     0
      0     0     0     0     0     1     0     1     1     0     0]
 [    0     0     0     0     0     1     0     0     0     0     0     0
      0     0     0     0     0     2     0   134     0    59     0]
 [    0     2     0     0     1     0     0     0     0    21     0     4
      2     0     0     0     0     0     0     0     0     0     1]]