[[  423   186     0     0    12     0     0     0     0    14     0   100
      0     0     0     0     0     0     0     0     0     0    68]
 [  373   192     0     0    23     0     0     0     0    26     0    34
      0     0     0     0     0     0    13     0     0     0    38]
 [    0     0   367     0     1     0     0     0     0     1     0     0
      0     0     0     0     0     0     0     0     0     0     0]
 [    0     0     0 28783     0     0     0     0     0    25     0     0
      0     0     0     0     0     0     0     0     0     0     0]
 [ 2393  1223     0     0   175     0     0     0     0   455     0   235
      1     0     0     0     1     0   155     0     0     0   268]
 [    0     0     0     0     0  2239   394     0     1     0     0     0
      0     0     0     0     0     0     0     0     0     0     0]
 [    0     0     0     0     0     2 48280    38     6     0     0     0
      0     0     0     0     0     0     0     3     0     0     0]
 [    0     0     0     0     0     1     1  2426   223     0     0     0
      0     0     0     0     0     0     0     0     0     0     0]
 [    0     0     0     0     0     0     0    25  2587     0     0     0
      0     0     0     0     0     0     0     0     0     0     0]
 [ 3092  1638     0     0   218     0     0     0     0  4659     0  1043
      0     0     0     0     2     0   451     0     0     0  2255]
 [    0     0     0     0     0     0     0     0     0     0  1197     0
      0     0     0     0     0     0     0     0     0     0     0]
 [  487   295     0     0   131     0     0     0     0    68     0  1644
      0     0     0     0     0     0  1845     0     0     0  2804]
 [  320   166     0     0  3357     0     0     0     0   491     0   183
  59650     0     0     0     1     0   196     0     1     0   279]
 [    0     0     0     0     0     0     0     0     6     0     0     0
      0     0     0     0     0     0     0     0     0     0     0]
 [    0     0     1     0     0     0     0     0     0     2     0     0
      0     0    15     0     0     0     0     0     0     0     0]
 [    0     0     0     0     0     0   217     0     0     2     0     0
      0     0     0 47461     0     0     0     1     0     0     0]
 [  387   224     0     0    52     0     0     0     0    19     0     8
      0     0     0     0     0     0  2794     0     0     0   712]
 [    0     0     0     0     0     0     0     1     1     0     0     0
      0     0     0     0     0   893     0     0     0     0     0]
 [    0     0     0     0     0     0     0     0     0     0     0     0
      0     0     0     0     0     0   453     0     0     0     0]
 [    0     0     0     0     0     2     0     0     0     0     0     0
      0     0     0     0     0     0     0   218     0   189     0]
 [    0     0     0     0     0     0     0     3     1     0     0     0
      0     0     0     0     0     0     0     0     0     0     0]
 [    0     0     0     0     0     3     0     1     0     0     0     0
      0     0     0     0     0     0     0     5     0   185     0]
 [    0     0     0     0     0     0     0     0     0     2     0     1
      0     0     0     0     0     0     8     0     0     0    41]]