[[    0     0     0     1     0     0     0     0     0   802     0     0
      0     0     0     0     0     0     0     0     0     0     0]
 [    0     0     0     6     0     0     0     5     0   688     0     0
      0     0     0     0     0     0     0     0     0     0     0]
 [    0     0     0     0     0     0     0   369     0     0     0     0
      0     0     0     0     0     0     0     0     0     0     0]
 [    0     0     0 28780     0     0     0    27     0     1     0     0
      0     0     0     0     0     0     0     0     0     0     0]
 [    0     0     0    40    31     0     0     8     0  4826     0     0
      0     0     0     0     1     0     0     0     0     0     0]
 [    0     0     0    31     0  2207     0   396     0     0     0     0
      0     0     0     0     0     0     0     0     0     0     0]
 [    0     0     0    10     0  1265 45782  1269     0     3     0     0
      0     0     0     0     0     0     0     0     0     0     0]
 [    0     0     0     0     0     1     0  2588     0    62     0     0
      0     0     0     0     0     0     0     0     0     0     0]
 [    0     0     0     0     0     1     0  2398   174    39     0     0
      0     0     0     0     0     0     0     0     0     0     0]
 [    0     0     0    57     9     5     0   187     0 13099     0     0
      1     0     0     0     0     0     0     0     0     0     0]
 [    0     0     0     0     0     0     0  1197     0     0     0     0
      0     0     0     0     0     0     0     0     0     0     0]
 [    0     0     0    15     0     0     0     6     0  7134     0   119
      0     0     0     0     0     0     0     0     0     0     0]
 [    0     0     0     7    14     0     0   169     0  1496     0     0
  62958     0     0     0     0     0     0     0     0     0     0]
 [    0     0     0     6     0     0     0     0     0     0     0     0
      0     0     0     0     0     0     0     0     0     0     0]
 [    0     0     0     0     0     0     0    18     0     0     0     0
      0     0     0     0     0     0     0     0     0     0     0]
 [    0     0     0    17     0     5     0   374     0    20     0     0
      0     0     0 47265     0     0     0     0     0     0     0]
 [    0     0     0    12    10     0     0     2     0  4171     0     0
      1     0     0     0     0     0     0     0     0     0     0]
 [    0     0     0     0     0     0     0   892     0     3     0     0
      0     0     0     0     0     0     0     0     0     0     0]
 [    0     0     0     0     0     0     0     0     0   453     0     0
      0     0     0     0     0     0     0     0     0     0     0]
 [    0     0     0     0     0    26     0   383     0     0     0     0
      0     0     0     0     0     0     0     0     0     0     0]
 [    0     0     0     0     0     0     0     4     0     0     0     0
      0     0     0     0     0     0     0     0     0     0     0]
 [    0     0     0     0     0     7     0   187     0     0     0     0
      0     0     0     0     0     0     0     0     0     0     0]
 [    0     0     0     0     0     1     0     0     0    51     0     0
      0     0     0     0     0     0     0     0     0     0     0]]