[[    4     0     0     0    17     0     0     0     0   767     0    13
      1     0     0     0     1     0     0     0     0     0     0]
 [    0     2     0     0    23     0     0     0     0   585     0    19
      6     0     0     0    64     0     0     0     0     0     0]
 [    0     0   368     0     1     0     0     0     0     0     0     0
      0     0     0     0     0     0     0     0     0     0     0]
 [    0     0     0 28808     0     0     0     0     0     0     0     0
      0     0     0     0     0     0     0     0     0     0     0]
 [    0     1     0     0   121     0     0     0     0  4390     0   157
     84     0     0     0   153     0     0     0     0     0     0]
 [    0     0     0     0     0  2615    14     5     0     0     0     0
      0     0     0     0     0     0     0     0     0     0     0]
 [    0     0     0     0     0     9 48301     9     4     0     0     0
      0     0     0     0     0     0     3     3     0     0     0]
 [    0     0     1     0     0    10     9  2322   308     0     0     0
      0     0     0     0     0     0     0     1     0     0     0]
 [    0     0     0     0     0     3     3    31  2573     0     0     0
      0     0     0     0     0     0     0     1     0     1     0]
 [    0     3     0     0   168     0     0     0     0 12065     0   529
    167     0     0     0   426     0     0     0     0     0     0]
 [    0     0     0     0     0     0     0     0     0     0  1197     0
      0     0     0     0     0     0     0     0     0     0     0]
 [    0     0     0     0    30     0     0     0     0   907     0  5810
      6     0     0     0   521     0     0     0     0     0     0]
 [    0     0     0     0    16     0     0     0     0  1153     0   151
  63102     0     0     0   221     0     1     0     0     0     0]
 [    0     0     0     0     0     0     0     6     0     0     0     0
      0     0     0     0     0     0     0     0     0     0     0]
 [    0     0     1     0     0     1     0     0     0     0     0     0
      0     0    16     0     0     0     0     0     0     0     0]
 [    0     0     0     0     0     2     1     0     0     0     0     0
      0     0     0 47677     0     0     0     0     0     1     0]
 [    0     0     0     0    29     0     0     0     0  1095     0   281
     13     0     0     0  2778     0     0     0     0     0     0]
 [    0     0     0     0     0     0     1     0     3     0     0     0
      0     0     0     0     0   888     0     3     0     0     0]
 [    0     0     0     0     0     0     0     0     0    45     0    74
      0     0     0     0   334     0     0     0     0     0     0]
 [    0     0     0     0     0     3     0     0     0     0     0     0
      0     0     0     0     0     0     0   406     0     0     0]
 [    0     0     0     0     0     2     0     0     0     0     0     0
      0     0     0     0     0     0     0     2     0     0     0]
 [    0     0     0     0     0     3     0     2     0     0     0     0
      0     0     0     0     0     0     0   180     0     9     0]
 [    0     0     0     0     1     0     0     0     0    38     0     2
      4     0     0     0     7     0     0     0     0     0     0]]