[[  131    16     0     0   248     0     0     0     0   364     0    35
      8     0     0     0     1     0     0     0     0     0     0]
 [   27    20     0     0   257     0     0     0     0   308     0    38
      2     0     0     0    43     0     4     0     0     0     0]
 [    0     0   368     0     0     0     0     0     1     0     0     0
      0     0     0     0     0     0     0     0     0     0     0]
 [    0     0     0 28802     0     1     5     0     0     0     0     0
      0     0     0     0     0     0     0     0     0     0     0]
 [  132    76     0     0  1768     0     0     0     0  2613     0   136
     75     0     0     0    84     0    22     0     0     0     0]
 [    0     0     0     0     0  2612     4     3    15     0     0     0
      0     0     0     0     0     0     0     0     0     0     0]
 [    0     0     0     0     0     5 48314     0     7     0     0     0
      0     0     0     0     0     0     0     3     0     0     0]
 [    0     0     0     0     0     5     1  2486   158     0     0     0
      0     0     0     0     0     0     0     1     0     0     0]
 [    0     0     0     0     0     2     0    28  2581     0     0     0
      0     0     0     0     0     0     0     1     0     0     0]
 [  245    94     0     0  2580     0     0     0     0  9451     0   434
    173     0     0     0   336     0    44     0     0     0     1]
 [    0     0     0     0     0     0     0     0     0     0  1197     0
      0     0     0     0     0     0     0     0     0     0     0]
 [   84    30     0     0   303     0     0     0     0   565     0  6042
     25     0     0     0   198     0    27     0     0     0     0]
 [   18     8     0     0   384     0     0     0     0   646     0   120
  63422     0     0     0    34     0     9     0     0     0     3]
 [    0     0     0     0     0     0     0     1     0     0     0     0
      0     5     0     0     0     0     0     0     0     0     0]
 [    0     0     0     0     0     1     0     0     0     0     0     0
      0     0    16     1     0     0     0     0     0     0     0]
 [    0     0     0     3     0     1     1     0     0     0     0     0
      0     0     0 47674     0     0     0     0     0     2     0]
 [   14     9     0     0   319     0     0     0     0   647     0    77
      7     0     0     0  3121     0     2     0     0     0     0]
 [    0     0     0     0     0     3     0     0     0     0     0     0
      0     0     0     0     0   892     0     0     0     0     0]
 [    0     1     0     0    26     0     0     0     0    70     0    73
     26     0     0     0    99     0   158     0     0     0     0]
 [    0     0     0     0     0     3     0     0     0     0     0     0
      0     0     0     0     0     0     0   348     0    58     0]
 [    0     0     0     0     0     1     0     0     0     0     0     0
      0     0     0     0     0     0     0     2     1     0     0]
 [    0     0     0     0     0     3     0     0     0     0     0     0
      0     0     0     0     0     0     0   111     0    80     0]
 [    0     0     0     0     0     0     0     0     0    43     0     1
      4     0     0     0     1     0     1     0     0     0     2]]