[[   40     0     0     0    21     0     0     0     0   734     0     6
      1     0     0     0     1     0     0     0     0     0     0]
 [    0     0     0     0    29     0     0     0     0   586     0    16
      5     0     0     0    63     0     0     0     0     0     0]
 [    0     0   368     0     0     0     1     0     0     0     0     0
      0     0     0     0     0     0     0     0     0     0     0]
 [    0     0     0 28796     0    10     0     0     0     0     0     0
      0     0     0     2     0     0     0     0     0     0     0]
 [    1     1     0     0   170     0     0     0     0  4387     0   121
     69     0     0     0   157     0     0     0     0     0     0]
 [    0     0     0     0     0  2537    38    10    49     0     0     0
      0     0     0     0     0     0     0     0     0     0     0]
 [    0     0     0     0     0    17 48272    10    27     0     0     0
      0     0     0     0     0     0     0     3     0     0     0]
 [    0     0     0     0     0    12     8  2325   305     0     0     0
      0     0     0     0     0     0     0     1     0     0     0]
 [    0     0     0     0     0    10    11    62  2528     0     0     0
      0     0     0     0     0     0     0     1     0     0     0]
 [    6     2     0     0   254     0     2     0     0 12105     0   423
    163     0     0     0   402     0     1     0     0     0     0]
 [    0     0     0     0     0     0     0     0     0     0  1197     0
      0     0     0     0     0     0     0     0     0     0     0]
 [    6     0     0     0    18     0     0     0     0  1004     0  5704
     36     0     0     0   504     0     2     0     0     0     0]
 [   11     0     0     0    28     0     0     0     0  1190     0   118
  63102     0     0     0   195     0     0     0     0     0     0]
 [    0     0     0     0     0     0     0     6     0     0     0     0
      0     0     0     0     0     0     0     0     0     0     0]
 [    0     0     1     0     0     1     0     3     1     0     0     0
      0     0    12     0     0     0     0     0     0     0     0]
 [    0     0     0    14     0     2     4     0     0     0     0     0
      0     0     0 47660     0     0     0     1     0     0     0]
 [    0     0     0     0    29     0     0     0     0  1049     0   280
     13     0     0     0  2825     0     0     0     0     0     0]
 [    0     0     0     0     0     0     3     1     1     0     0     0
      0     0     0     1     0   888     0     1     0     0     0]
 [    0     0     0     0     0     0     0     0     0    55     0    74
      0     0     0     0   321     0     3     0     0     0     0]
 [    0     0     0     0     0     3     0     0     0     0     0     0
      0     0     0     0     0     0     0   406     0     0     0]
 [    0     0     0     0     0     1     0     0     0     0     0     0
      0     0     0     0     0     0     0     3     0     0     0]
 [    0     0     0     0     0     3     1     5     0     0     0     0
      0     0     0     0     0     0     0   180     0     5     0]
 [    0     0     0     0     0     0     0     0     0    36     0     1
      8     0     0     0     7     0     0     0     0     0     0]]