[[    0     0     0     0     0     0     0     0     0   505     0     4
      0     0     0     0     0     0     0     0     0     0     0]
 [    0     0     0     0     0     0     0     0     0  1193     0    17
      4     0     0     0     7     0     0     0     0     0     0]
 [    0     0   579     9     0     0     0     0     0     0     0     0
      0     0     0     2     0     0     0     0     0     0     0]
 [    0     0     0 38393     0     0    15     0     0     0     0     0
      0     0     0     0     0     0     0     0     0     0     0]
 [    0     0     0     0     0     0     0     0     0  6568     0   141
      6     0     0     0    33     0     0     0     0     0     0]
 [    0     0     0     0     0  3061    26     1     0     0     0     0
      0     0     0     0     0     0     0     0     0     0     0]
 [    0     0     0     0     0     4 69315     0     0     1     0     0
      0     0     0     1     0     0     0     1     0     0     0]
 [    0     0     0     0     0     5     1  1595    44     0     0     1
      0     0     0     1     0     1     0     2     0     0     0]
 [    0     0     0     1     0     7     2    65  1658     0     0     0
      0     0     0     0     0     3     0     3     0     0     0]
 [    0     0     0     0     6     0     0     0     0 16985     0   566
     27     0     0     0   155     0     0     0     0     0     0]
 [    0     0     0     0     0     0     1     0     4     0  2374     0
      0     0     0     0     0     1     0     1     0     0     0]
 [    0     0     0     0     2     0     0     0     0  4508     0  2684
     94     0     0     0   398     0     0     0     0     0     0]
 [    0     0     0     0     0     0     0     0     0  1251     0   189
   3977     0     0     0    13     0     0     0     0     0     0]
 [    0     0     0     0     0     0     0     0     0     0     0     0
      0     3     0     0     0     0     0     0     0     0     0]
 [    0     0     0     0     0     0     0     0     0     0     0     0
      0     0    11     0     0     0     0     0     0     0     0]
 [    0     0     0     1     0     0    23     0     6     0     0     2
      0     0     0 47643     0     1     0     3     0     0     0]
 [    0     0     0     0     3     0     0     0     0  2667     0    39
      1     0     0     0  1851     0     0     0     0     0     0]
 [    0     0     0     0     0     3    13     0     1     0     3     0
      0     0     0     0     0  1749     0     0     0     0     0]
 [    0     0     0     0     0     0     0     0     0    31     0   123
      0     0     0     0   106     0     0     0     0     0     0]
 [    0     0     0     0     0     0     0     0     0     0     0     0
      0     0     0     0     0    44     0   407     0     1     0]
 [    0     0     0     0     0     4     0     0     0     0     0     0
      0     0     0     0     0     1     0     1     0     0     0]
 [    0     0     0     0     0     1     2     0     0     0     0     0
      0     0     0     0     0     3     0   186     0     4     0]
 [    0     0     0     0     0     0     0     0     0    13     0    18
      0     0     0     0     0     0     0     0     0     0     0]]