[[    0     0     0     0     0     0     0     0     0   803     0     0
      0     0     0     0     0     0     0     0     0     0     0]
 [    0     0     0     0     0     0     0     0     0   699     0     0
      0     0     0     0     0     0     0     0     0     0     0]
 [    0     0     0     0     0     0   369     0     0     0     0     0
      0     0     0     0     0     0     0     0     0     0     0]
 [    0     0     0     0     0     0 28808     0     0     0     0     0
      0     0     0     0     0     0     0     0     0     0     0]
 [    0     0     0     0    13     0     0     0     0  4850     0     0
     43     0     0     0     0     0     0     0     0     0     0]
 [    0     0     0     0     0     0  2634     0     0     0     0     0
      0     0     0     0     0     0     0     0     0     0     0]
 [    0     0     0     0     0     0 48329     0     0     0     0     0
      0     0     0     0     0     0     0     0     0     0     0]
 [    0     0     0     0     0     0  2651     0     0     0     0     0
      0     0     0     0     0     0     0     0     0     0     0]
 [    0     0     0     0     0     0  2612     0     0     0     0     0
      0     0     0     0     0     0     0     0     0     0     0]
 [    0     0     0     0     1     0     0     0     0 13274     0     0
     83     0     0     0     0     0     0     0     0     0     0]
 [    0     0     0     0     0     0  1197     0     0     0     0     0
      0     0     0     0     0     0     0     0     0     0     0]
 [    0     0     0     0     0     0     0     0     0  7155     0     0
    119     0     0     0     0     0     0     0     0     0     0]
 [    0     0     0     0     3     0     0     0     0  1669     0     0
  62972     0     0     0     0     0     0     0     0     0     0]
 [    0     0     0     0     0     0     1     0     0     0     0     0
      0     5     0     0     0     0     0     0     0     0     0]
 [    0     0     0     0     0     0    18     0     0     0     0     0
      0     0     0     0     0     0     0     0     0     0     0]
 [    0     0     0     0     0     0 47681     0     0     0     0     0
      0     0     0     0     0     0     0     0     0     0     0]
 [    0     0     0     0     2     0     0     0     0  4183     0     0
     11     0     0     0     0     0     0     0     0     0     0]
 [    0     0     0     0     0     0   895     0     0     0     0     0
      0     0     0     0     0     0     0     0     0     0     0]
 [    0     0     0     0     0     0     0     0     0   453     0     0
      0     0     0     0     0     0     0     0     0     0     0]
 [    0     0     0     0     0     0   409     0     0     0     0     0
      0     0     0     0     0     0     0     0     0     0     0]
 [    0     0     0     0     0     0     4     0     0     0     0     0
      0     0     0     0     0     0     0     0     0     0     0]
 [    0     0     0     0     0     0   194     0     0     0     0     0
      0     0     0     0     0     0     0     0     0     0     0]
 [    0     0     0     0     0     0     0     0     0    52     0     0
      0     0     0     0     0     0     0     0     0     0     0]]