[[  497     5     0     0     0     0     0     0     0     1     0     0
      5     0     0     0     0     0     1     0     0     0     0]
 [ 1116    37     0     0     5     0     0     0     0    20     0     8
     16     0     0     0     0     0    19     0     0     0     0]
 [    0     0   588     0     0     0     2     0     0     0     0     0
      0     0     0     0     0     0     0     0     0     0     0]
 [    0     0     7 38367     0     0    34     0     0     0     0     0
      0     0     0     0     0     0     0     0     0     0     0]
 [ 5799   253     0     0    24     0     0     0     0    92     0    69
    353     0     0     0     0     0   158     0     0     0     0]
 [    0     0     0     0     0  3087     0     1     0     0     0     0
      0     0     0     0     0     0     0     0     0     0     0]
 [    0     0     0     0     0    48 69272     1     0     0     0     0
      0     0     0     0     0     0     0     0     0     1     0]
 [    0     0     0     0     0     1     1  1635    11     0     0     0
      0     0     0     0     0     0     0     1     0     1     0]
 [    0     0     0     0     0     0     8    10  1718     0     0     0
      0     0     0     0     0     0     0     3     0     0     0]
 [11139   514     0     0     6     0     0     0     0  2075     0   441
   2605     0     0     0     7     0   935     0     0     0    17]
 [    0     0     0     0     0     0     0     0     0     0  2379     0
      0     0     0     0     0     0     0     1     0     1     0]
 [ 3700   173     0     0     1     0     0     0     0    19     0  1786
    142     0     0     0     1     0  1864     0     0     0     0]
 [  695    40     0     0     0     0     0     0     0    40     0    82
   4440     0     0     0     0     0   132     0     0     0     1]
 [    0     0     0     0     0     0     3     0     0     0     0     0
      0     0     0     0     0     0     0     0     0     0     0]
 [    0     0     0     0     0     0     5     6     0     0     0     0
      0     0     0     0     0     0     0     0     0     0     0]
 [    0     0     0     0     0     8    76     1     0     0     0     2
      0     0     0 47589     0     0     0     1     0     2     0]
 [ 2287   108     0     0     1     0     0     0     0     8     0     6
      8     0     0     0     3     0  2140     0     0     0     0]
 [    0     0     0     0     0     0     7     1     0     0     0     0
      0     0     0     0     0   932     0   829     0     0     0]
 [    0     0     0     0     1     0     0     0     0     0     0     0
      0     0     0     0     0     0   259     0     0     0     0]
 [    0     0     0     0     0     0     1     1     0     0     0     0
      0     0     0     0     0     0     0    83     0   367     0]
 [    0     0     0     0     0     4     1     0     0     0     0     0
      0     0     0     0     0     0     0     1     0     0     0]
 [    0     0     0     0     0     1     4     0     0     0     0     0
      0     0     0     0     0     0     0     3     0   188     0]
 [    0     0     0     0     0     0     0     0     0     0     0     1
      2     0     0     0     0     0    20     0     0     0     8]]