[[  134   171     0     0     5     0     0     0     0     2     0   291
      0     0     0     0    22     0     0     0     0     0   178]
 [  200   110     0     0     5     0     0     0     0     0     0   244
      0     0     0     0    41     0    63     0     0     0    36]
 [    0     0   369     0     0     0     0     0     0     0     0     0
      0     0     0     0     0     0     0     0     0     0     0]
 [    0     0    48 28760     0     0     0     0     0     0     0     0
      0     0     0     0     0     0     0     0     0     0     0]
 [  957   893     0     0    33     0     0     0     0   169     0  1734
     18     0     0     0   249     0   264     0     0     0   589]
 [    0     0     0     0     0  2125   507     0     2     0     0     0
      0     0     0     0     0     0     0     0     0     0     0]
 [    0     0     0     0     0   350 47200   309   470     0     0     0
      0     0     0     0     0     0     0     0     0     0     0]
 [    0     0     0     0     0     0    17  2563    71     0     0     0
      0     0     0     0     0     0     0     0     0     0     0]
 [    0     0     0     0     0     0    64   738  1809     1     0     0
      0     0     0     0     0     0     0     0     0     0     0]
 [ 1192  1177     0     0    77     0     0     0     0  2792     0  2321
     35     0     0     0   423     0  1073     0     0     0  4268]
 [    0     0     0     0     0     0     0     0     0     0  1197     0
      0     0     0     0     0     0     0     0     0     0     0]
 [  209   188     0     0     2     0     0     0     0     3     0   728
      9     0     0     0    50     0  3276     0     0     0  2809]
 [  118   137     0     0    24     0     0     0     0   165     0   234
  62970     0     0     0    41     0   385     0     0     0   570]
 [    0     0     0     0     0     1     0     0     0     0     0     0
      0     4     0     0     0     0     0     0     0     1     0]
 [    0     0     1     0     0     0     0     0     0     0     0     0
      0     0    17     0     0     0     0     0     0     0     0]
 [    0     0   117     0     0     0   153     0     0     2     0     0
      0     0     0 47409     0     0     0     0     0     0     0]
 [  159   145     0     0     2     0     0     0     0     2     0   274
      9     0     0     0    87     0  2799     0     0     0   719]
 [    0     0     0     0     0     0     3     0     3     0     0     0
      0     0     0     0     0   889     0     0     0     0     0]
 [    0     0     0     0     0     0     0     0     0     0     0     0
      0     0     0     0     0     0   453     0     0     0     0]
 [    0     0     0     0     0     0     0     0     0     0     0     0
      0     0     0     0     0     0     0   407     0     2     0]
 [    0     0     0     0     0     0     0     0     0     0     0     0
      0     0     0     0     0     0     0     0     4     0     0]
 [    0     0     0     0     0     0     0     0     0     0     0     0
      0     0     0     0     0     0     0   183     0    11     0]
 [    0     2     0     0     0     0     0     0     0     0     0     0
      0     0     0     0     0     0     8     0     0     0    42]]