[[    0     0     0     0     2     0     0     0     0   106     0    86
    609     0     0     0     0     0     0     0     0     0     0]
 [    0     0     0     0     0     0     0     0     0   130     0     0
    569     0     0     0     0     0     0     0     0     0     0]
 [    0     0     0   206     0     0    14   149     0     0     0     0
      0     0     0     0     0     0     0     0     0     0     0]
 [    0     0     0 19359     0     0  9231     0     0     0     0     0
      0     0     0   218     0     0     0     0     0     0     0]
 [    0     0     0     0     3     0     0     0     0  1105     0    39
   3759     0     0     0     0     0     0     0     0     0     0]
 [    0     0     0  1906     0     0   441    31     0     0     0     0
      0     0     0   256     0     0     0     0     0     0     0]
 [    0     0     0   711     0     0 46868     7     0     0     0     0
      0     0     0   743     0     0     0     0     0     0     0]
 [    0     0     0   428     0     0   531   824     0     0     0     0
      0     0     0   868     0     0     0     0     0     0     0]
 [    0     0     0   623     0     0   925     0   452     0     0     0
      0     0     0   612     0     0     0     0     0     0     0]
 [    0     0     0     0     2     0     0     0     0  8237     0   186
   4933     0     0     0     0     0     0     0     0     0     0]
 [    0     0     0  1192     0     0     1     0     0     0     0     0
      0     0     0     4     0     0     0     0     0     0     0]
 [    0     0     0     0     1     0    10     0     0  2716     0  1928
   2619     0     0     0     0     0     0     0     0     0     0]
 [    0     0     0     0     1     0     0     0     0   952     0    48
  63642     0     0     1     0     0     0     0     0     0     0]
 [    0     0     0     0     0     0     6     0     0     0     0     0
      0     0     0     0     0     0     0     0     0     0     0]
 [    0     0     0     9     0     0     7     2     0     0     0     0
      0     0     0     0     0     0     0     0     0     0     0]
 [    0     0     0   304     0     0    36     0     0     0     0     0
      0     0     0 47341     0     0     0     0     0     0     0]
 [    0     0     0     0     0     0     0     0     0  2063     0    66
   2067     0     0     0     0     0     0     0     0     0     0]
 [    0     0     0   890     0     0     5     0     0     0     0     0
      0     0     0     0     0     0     0     0     0     0     0]
 [    0     0     0     0     0     0     0     0     0   203     0     9
    241     0     0     0     0     0     0     0     0     0     0]
 [    0     0     0   407     0     0     2     0     0     0     0     0
      0     0     0     0     0     0     0     0     0     0     0]
 [    0     0     0     4     0     0     0     0     0     0     0     0
      0     0     0     0     0     0     0     0     0     0     0]
 [    0     0     0   188     0     0     6     0     0     0     0     0
      0     0     0     0     0     0     0     0     0     0     0]
 [    0     0     0     0     0     0     0     0     0    43     0     2
      7     0     0     0     0     0     0     0     0     0     0]]