[[  122     2     0     0    77     0     0     0     0   525     0    76
      0     0     0     0     1     0     0     0     0     0     0]
 [    0    39     0     0    72     0     0     0     0   476     0    89
      1     0     0     0    18     0     4     0     0     0     0]
 [    0     0   369     0     0     0     0     0     0     0     0     0
      0     0     0     0     0     0     0     0     0     0     0]
 [    0     0     0 28808     0     0     0     0     0     0     0     0
      0     0     0     0     0     0     0     0     0     0     0]
 [    9     4     0     0   682     0     0     0     0  3819     0   197
    117     0     0     0    47     0    30     0     0     0     1]
 [    0     0     0     0     0  2631     2     1     0     0     0     0
      0     0     0     0     0     0     0     0     0     0     0]
 [    0     0     0     0     0     3 48322     1     0     0     0     0
      0     0     0     0     0     0     0     3     0     0     0]
 [    0     0     0     0     0     0     2  2642     6     0     0     0
      0     0     0     0     0     0     0     1     0     0     0]
 [    0     0     0     0     0     1     0    44  2567     0     0     0
      0     0     0     0     0     0     0     0     0     0     0]
 [   27    14     0     0   716     0     0     0     0 11622     0   524
    223     0     0     0   190     0    41     0     0     0     1]
 [    0     0     0     0     0     0     0     0     0     0  1197     0
      0     0     0     0     0     0     0     0     0     0     0]
 [   13     4     0     0    87     0     0     0     0   682     0  6369
     11     0     0     0    86     0    22     0     0     0     0]
 [   14     3     0     0    90     0     0     0     0   792     0   161
  63539     0     0     0    31     0     9     0     0     0     5]
 [    0     0     0     0     0     0     0     0     0     0     0     0
      0     6     0     0     0     0     0     0     0     0     0]
 [    0     0     0     0     0     2     0     0     0     0     0     0
      0     0    16     0     0     0     0     0     0     0     0]
 [    0     0     0     0     0     0     0     0     0     0     0     0
      0     0     0 47681     0     0     0     0     0     0     0]
 [    4     1     0     0    84     0     0     0     0   910     0    45
      4     0     0     0  3145     0     3     0     0     0     0]
 [    0     0     0     0     0     0     0     1     0     0     0     0
      0     0     0     0     0   894     0     0     0     0     0]
 [    0     0     0     0     1     0     0     0     0    55     0   110
     17     0     0     0    37     0   233     0     0     0     0]
 [    0     0     0     0     0     0     0     0     0     0     0     0
      0     0     0     0     0     0     0   141     0   268     0]
 [    0     0     0     0     0     0     0     0     0     0     0     0
      0     0     0     0     0     0     0     0     3     1     0]
 [    0     0     0     0     0     0     0     1     0     0     0     0
      0     0     0     0     0     0     0     0     0   193     0]
 [    0     0     0     0     0     0     0     0     0    35     0     6
      8     0     0     0     1     0     0     0     0     0     2]]