[[    0     0     0     0     0     0     0     0     0   506     0     3
      0     0     0     0     0     0     0     0     0     0     0]
 [    0     0     0     0     0     0     0     0     0  1189     0    32
      0     0     0     0     0     0     0     0     0     0     0]
 [    0     0     0     0     0     0   349     0     0     0     0     0
      0     0     0   241     0     0     0     0     0     0     0]
 [    0     0     0     0     0     0 38395     0     0     0     0     0
      0     0     0    13     0     0     0     0     0     0     0]
 [    0     0     0     0     0     0     0     0     0  6584     0   164
      0     0     0     0     0     0     0     0     0     0     0]
 [    0     0     0     0     0     0  3088     0     0     0     0     0
      0     0     0     0     0     0     0     0     0     0     0]
 [    0     0     0     0     0     0 69306     0     0     0     0     0
      0     0     0    16     0     0     0     0     0     0     0]
 [    0     0     0     0     0     0  1489     0     0     0     0     0
      0     0     0   161     0     0     0     0     0     0     0]
 [    0     0     0     0     0     0  1554     0     0     0     0     0
      0     0     0   185     0     0     0     0     0     0     0]
 [    0     0     0     0     0     0     0     0     0 17421     0   318
      0     0     0     0     0     0     0     0     0     0     0]
 [    0     0     0     0     0     0  2376     0     0     0     0     0
      0     0     0     5     0     0     0     0     0     0     0]
 [    0     0     0     0     0     0     0     0     0  6828     0   858
      0     0     0     0     0     0     0     0     0     0     0]
 [    0     0     0     0     0     0     0     0     0  5323     0   107
      0     0     0     0     0     0     0     0     0     0     0]
 [    0     0     0     0     0     0     0     0     0     0     0     0
      0     3     0     0     0     0     0     0     0     0     0]
 [    0     0     0     0     0     0    11     0     0     0     0     0
      0     0     0     0     0     0     0     0     0     0     0]
 [    0     0     0     0     0     0   424     0     0     2     0     0
      0     0     0 47253     0     0     0     0     0     0     0]
 [    0     0     0     0     0     0     0     0     0  3765     0   796
      0     0     0     0     0     0     0     0     0     0     0]
 [    0     0     0     0     0     0   919     0     0     0     0     0
      0     0     0   850     0     0     0     0     0     0     0]
 [    0     0     0     0     0     0     0     0     0   138     0   122
      0     0     0     0     0     0     0     0     0     0     0]
 [    0     0     0     0     0     0   408     0     0     0     0     0
      0     0     0    44     0     0     0     0     0     0     0]
 [    0     0     0     0     0     0     5     0     0     0     0     0
      0     0     0     1     0     0     0     0     0     0     0]
 [    0     0     0     0     0     0   193     0     0     0     0     0
      0     0     0     3     0     0     0     0     0     0     0]
 [    0     0     0     0     0     0     0     0     0    25     0     6
      0     0     0     0     0     0     0     0     0     0     0]]