[[    0     0     0     0     0     0     0     0     0   507     0     0
      0     0     0     0     0     2     0     0     0     0     0]
 [    0     0     0     0     0     0     8     0     0  1195     0     1
      0     0     0     0     0    17     0     0     0     0     0]
 [    0     0   532    22     0     0    19     0     0     0     0     0
      0     0     0    17     0     0     0     0     0     0     0]
 [    0     0     4 38351     0     0    47     0     0     0     0     0
      0     0     0     6     0     0     0     0     0     0     0]
 [    0     0     0     0     0     0    22     0     0  6602     0    48
      3     0     0     0     8    65     0     0     0     0     0]
 [    0     0     0     0     0  2328   754     0     0     2     2     0
      2     0     0     0     0     0     0     0     0     0     0]
 [    0     0     0   110     0    48 69161     0     0     2     0     0
      0     0     0     1     0     0     0     0     0     0     0]
 [    0     0     0     1     0    91   188  1229     5    37    81     0
      0     0     0    17     0     1     0     0     0     0     0]
 [    0     0     1    23     0   519   124    13   439    58    61     0
      5     0     0   493     0     3     0     0     0     0     0]
 [    0     0     0     2     0     0    64     0     0 17456     0    79
      0     0     0     0     3   135     0     0     0     0     0]
 [    0     0     0     3     0     0    62     2     2  1137  1173     0
      0     0     0     1     0     1     0     0     0     0     0]
 [    0     0     0    15     0     0    18     0     0  6642     0   701
    160     0     0     5   115    30     0     0     0     0     0]
 [    0     0     0     0     0     0     4     0     0  1376     0    97
   3941     0     0     0     4     8     0     0     0     0     0]
 [    0     0     0     3     0     0     0     0     0     0     0     0
      0     0     0     0     0     0     0     0     0     0     0]
 [    0     0     0     2     0     0     2     2     0     3     0     0
      0     0     2     0     0     0     0     0     0     0     0]
 [    0     0     0    10     0     1   229     0    39     2     0     0
      0     0     0 47397     0     1     0     0     0     0     0]
 [    0     0     0     2     0     0     8     0     0  3771     0     7
      0     0     0     0   751    22     0     0     0     0     0]
 [    0     0     0     0     0     1   162     0     1   767     0     0
      0     0     0     0     0   838     0     0     0     0     0]
 [    0     0     0     0     0     0     1     0     0   138     0   107
      0     0     0     0    14     0     0     0     0     0     0]
 [    0     0     0     0     0    19    22     0     0     0     0     0
      0     0     0   367     0    44     0     0     0     0     0]
 [    0     0     0     0     0     0     5     0     0     0     0     0
      0     0     0     0     0     1     0     0     0     0     0]
 [    0     0     0     0     0     4     3     0     0     0     0     0
      0     0     0   186     0     3     0     0     0     0     0]
 [    0     0     0     0     0     0     1     0     0    24     0     5
      0     0     0     0     1     0     0     0     0     0     0]]