[[   82     4     0     0   388     0     0     0     0    32     0     3
      0     0     0     0     0     0     0     0     0     0     0]
 [    4    20     0     0  1023     0     0     0     0   137     0     5
      0     0     0     0    21     0     4     0     0     0     7]
 [    0     0   576     0     0     0     0     0     0     0     8     0
      0     0     0     0     0     0     0     0     6     0     0]
 [    0     0    15 38368     0     2     2     0     0     0     0     0
      0     0     0    21     0     0     0     0     0     0     0]
 [  139   137     0     0  5423     0     0     0     0   708     0   101
      5     0     0     0    66     0    55     0     0     0   114]
 [    0     0     0     0     0  3048    13     0     1     0     0     0
      0     0     0     0     0     0     0     0    26     0     0]
 [    0     0     0    41     0   215 68861    63     0     0     0     0
      0     0     0     9     0     0     0    40    51    42     0]
 [    0     0     1     1     0     3    18  1236   127     0    80     0
      0     0     0    12     0     1     0    89    80     2     0]
 [    0     0     1     1     0    21    16   544  1032     0    52     0
      0     0     0     0     0     3     0    46    21     2     0]
 [  429   277     0     0 10103     0     0     0     0  5134     0   412
     24     0     0     0   309     0   217     0     0     0   834]
 [    0     0     0     0     0     0     1     0     4     0  2374     0
      0     0     0     0     0     1     0     0     0     1     0]
 [   65    85     0     0  3525     0     0     0     0   577     0  1268
    152     0     0     0   707     0   756     0     0     0   551]
 [   79    17     0     0   675     0     0     0     0   355     0   114
   3935     0     0     0    35     0    72     0     0     0   148]
 [    0     0     0     0     0     0     0     0     0     0     0     0
      0     3     0     0     0     0     0     0     0     0     0]
 [    0     0     1     0     0     0     0     0     0     0     0     0
      0     0     8     0     0     0     0     0     2     0     0]
 [    0     0     7    18     0     7    54     0     6     1     0     1
      0     0     0 47444     0     1     0   133     5     2     0]
 [    1    65     0     0  2179     0     0     0     0   161     0     4
      2     0     0     0  1148     0   935     0     0     0    66]
 [    0     0     0     0     0     1     6     0     4     0     3     0
      0     0     0     0     0  1748     0     0     7     0     0]
 [    0     0     0     0     0     0     0     0     0     1     0    10
      0     0     0     0    54     0   174     0     0     0    21]
 [    0     0     0     0     0     1     1     0    22     0    17     0
      0     0     0     0     0    44     0     0     0   367     0]
 [    0     0     0     0     0     4     1     0     0     0     0     0
      0     0     0     0     0     1     0     0     0     0     0]
 [    0     0     0     0     0     2     5     0     0     0     0     0
      0     0     0     0     0     3     0     0     0   186     0]
 [    0     0     0     0     0     0     0     0     0     1     0     4
      0     0     0     0     1     0     4     0     0     0    21]]