[[    0     0     0     0     0     0     0     0     0   505     0     1
      0     0     0     0     3     0     0     0     0     0     0]
 [    0     0     0     0     0     0     0     0     0  1156     0    33
      0     0     0     0    32     0     0     0     0     0     0]
 [    0     0   241     0     0     0   349     0     0     0     0     0
      0     0     0     0     0     0     0     0     0     0     0]
 [    0     0     0 38364     0     0    21    10    13     0     0     0
      0     0     0     0     0     0     0     0     0     0     0]
 [    0     0     0     0     0     0     0     0     0  6376     0   234
      0     0     0     0   138     0     0     0     0     0     0]
 [    0     0     0     0     0  1531  1557     0     0     0     0     0
      0     0     0     0     0     0     0     0     0     0     0]
 [    0     0     0     0     0     0 69244    48     1     0     0     0
      0     0     0     0    15     0     0    14     0     0     0]
 [    0     0     1     0     0     0  1381   108   159     0     0     0
      0     0     0     0     0     0     0     1     0     0     0]
 [    0     0     0     1     0     0  1553     0   182     0     0     0
      0     0     0     0     0     0     0     3     0     0     0]
 [    0     0     0     0     0     0     0     0     0 16020     0  1466
      0     0     0     0   253     0     0     0     0     0     0]
 [    0     0     0     0     0     0  2376     0     1     0     0     0
      0     0     0     0     4     0     0     0     0     0     0]
 [    0     0     0     0     0     0     0     0     0  3855     0  3480
      0     0     0     0   351     0     0     0     0     0     0]
 [    0     0     0     0     0     0     0     0     0  1235     0   235
   3936     0     0     0    24     0     0     0     0     0     0]
 [    0     0     0     0     0     0     0     0     0     0     0     0
      0     0     0     0     0     0     0     3     0     0     0]
 [    0     0     0     8     0     0     2     0     0     0     0     0
      0     0     0     0     0     0     0     1     0     0     0]
 [    0     0     1     0     0     0   424     0     0     2     0     0
      0     0     0 47252     0     0     0     0     0     0     0]
 [    0     0     0     0     0     0     0     0     0  2373     0  1392
      0     0     0     0   796     0     0     0     0     0     0]
 [    0     0     0     0     0     0   919     0     1     0     0     0
      0     0     0     0     0   849     0     0     0     0     0]
 [    0     0     0     0     0     0     0     0     0     0     0   227
      0     0     0     0    33     0     0     0     0     0     0]
 [    0     0     0     0     0     0   390     0    23     0     0     0
      0     0     0     0     0     0     0    39     0     0     0]
 [    0     0     0     0     0     0     5     0     0     0     0     0
      0     0     0     0     0     0     0     1     0     0     0]
 [    0     0     0     0     0     0   189     0     1     0     0     0
      0     0     0     0     0     0     0     6     0     0     0]
 [    0     0     0     0     0     0     0     0     0     8     0    21
      0     0     0     0     2     0     0     0     0     0     0]]