[[1727490       0       0       0       0       0       0       0       0
        0       0       0       0       0       0       0     306       0
        0       0       0       0       0       0]
 [    125       0       0       0       0       0       0       0       0
        0     384       0       0       0       0       0       0       0
        0       0       0       0       0       0]
 [    208       0       0       0       0       0       0       0       0
        0    1013       0       0       0       0       0       0       0
        0       0       0       0       0       0]
 [    590       0       0       0       0       0       0       0       0
        0       0       0       0       0       0       0       0       0
        0       0       0       0       0       0]
 [    951       0       0       0   37450       0       0       7       0
        0       0       0       0       0       0       0       0       0
        0       0       0       0       0       0]
 [   1554       0       0       0       0       0       0       0       0
        0    5194       0       0       0       0       0       0       0
        0       0       0       0       0       0]
 [   1706       0       0       0      62       0    1318       0       2
        0       0       0       0       0       0       0       0       0
        0       0       0       0       0       0]
 [  22963       0       0       0     142       0       1   46214       0
        0       1       0       0       0       0       0       1       0
        0       0       0       0       0       0]
 [    583       0       0       0       0       0       0       0    1067
        0       0       0       0       0       0       0       0       0
        0       0       0       0       0       0]
 [   1727       0       0       0       0       0       0       2       9
        0       0       0       0       0       0       0       1       0
        0       0       0       0       0       0]
 [   7648       0       0       0       0       0       0       0       0
        0   10091       0       0       0       0       0       0       0
        0       0       0       0       0       0]
 [   2381       0       0       0       0       0       0       0       0
        0       0       0       0       0       0       0       0       0
        0       0       0       0       0       0]
 [   4178       0       0       0       0       0       0       0       0
        0    3508       0       0       0       0       0       0       0
        0       0       0       0       0       0]
 [   4831       0       0       0       0       0       0       0       0
        0     599       0       0       0       0       0       0       0
        0       0       0       0       0       0]
 [      3       0       0       0       0       0       0       0       0
        0       0       0       0       0       0       0       0       0
        0       0       0       0       0       0]
 [     11       0       0       0       0       0       0       0       0
        0       0       0       0       0       0       0       0       0
        0       0       0       0       0       0]
 [    492       0       0       0       9       0       0      17       0
        0       0       0       0       0       0       0   47161       0
        0       0       0       0       0       0]
 [   2485       0       0       0       0       0       0       0       0
        0    2076       0       0       0       0       0       0       0
        0       0       0       0       0       0]
 [   1769       0       0       0       0       0       0       0       0
        0       0       0       0       0       0       0       0       0
        0       0       0       0       0       0]
 [    260       0       0       0       0       0       0       0       0
        0       0       0       0       0       0       0       0       0
        0       0       0       0       0       0]
 [    452       0       0       0       0       0       0       0       0
        0       0       0       0       0       0       0       0       0
        0       0       0       0       0       0]
 [      6       0       0       0       0       0       0       0       0
        0       0       0       0       0       0       0       0       0
        0       0       0       0       0       0]
 [    196       0       0       0       0       0       0       0       0
        0       0       0       0       0       0       0       0       0
        0       0       0       0       0       0]
 [     31       0       0       0       0       0       0       0       0
        0       0       0       0       0       0       0       0       0
        0       0       0       0       0       0]]