[[1727796       0       0       0       0       0       0       0       0
        0       0       0       0       0       0       0       0       0
        0       0       0       0       0       0]
 [      0       0       0       0       0       0       0       0       0
        0     506       0       3       0       0       0       0       0
        0       0       0       0       0       0]
 [      0       0       0       0       0       0       0       3       0
        0    1199       0      19       0       0       0       0       0
        0       0       0       0       0       0]
 [      0       0       0     217       0       0       0       0       0
        2     361       0      10       0       0       0       0       0
        0       0       0       0       0       0]
 [      0       0       0       0   24436       0       0      65       0
        0   13895       0      12       0       0       0       0       0
        0       0       0       0       0       0]
 [      0       0       0       1       0       0       0       0       0
        0    6595       0     152       0       0       0       0       0
        0       0       0       0       0       0]
 [      0       0       0       0       0       0    1517      77       0
        0    1494       0       0       0       0       0       0       0
        0       0       0       0       0       0]
 [      0       0       0       0       0       0       0   68921       0
        0     382       0      19       0       0       0       0       0
        0       0       0       0       0       0]
 [      0       0       0       0       0       0       0       4       0
      195    1447       0       0       0       0       0       0       0
        4       0       0       0       0       0]
 [      0       0       0       0       0       0       0       3       0
      203    1533       0       0       0       0       0       0       0
        0       0       0       0       0       0]
 [      0       0       0       5       0       0       3       9       0
        0   17399       0     323       0       0       0       0       0
        0       0       0       0       0       0]
 [      0       0       0       0       0       0       0    1162       0
        6    1213       0       0       0       0       0       0       0
        0       0       0       0       0       0]
 [      0       0       0       2       0       0       0       2       0
        0    6827       0     855       0       0       0       0       0
        0       0       0       0       0       0]
 [      0       0       0       0       0       0       3       0       0
        0    5282       0     145       0       0       0       0       0
        0       0       0       0       0       0]
 [      0       0       0       0       0       0       0       0       0
        0       3       0       0       0       0       0       0       0
        0       0       0       0       0       0]
 [      0       0       0       0       0       0       0       1       0
        0      10       0       0       0       0       0       0       0
        0       0       0       0       0       0]
 [      0       0       0       0       0       0       0     327       0
        1      89       0       0       0       0       0   47262       0
        0       0       0       0       0       0]
 [      0       0       0       0       0       0       0       1       0
        0    3727       0     833       0       0       0       0       0
        0       0       0       0       0       0]
 [      0       0       0       0       0       0       0      13       0
        1     868       0       0       0       0       0       0       0
      887       0       0       0       0       0]
 [      0       0       0       0       0       0       0       0       0
        0     133       0     127       0       0       0       0       0
        0       0       0       0       0       0]
 [      0       0       0       0       0       0       0       1       0
       19     412       0       0       0       0       0       0       0
       20       0       0       0       0       0]
 [      0       0       0       0       0       0       0       1       0
        1       4       0       0       0       0       0       0       0
        0       0       0       0       0       0]
 [      0       0       0       0       0       0       0       4       0
        0     191       0       0       0       0       0       0       0
        1       0       0       0       0       0]
 [      0       0       0       0       0       0       0       0       0
        0      26       0       5       0       0       0       0       0
        0       0       0       0       0       0]]