[[1658723       0     251    4627    2871      82     888   12968    1799
     4327     295   11115       7     748      66     494    3319      25
     2731    6377    7717     571    4562    3233]
 [     93       0     180       0       0     233       0       0       0
        0       1       0       0       0       0       0       0       0
        0       0       0       0       0       2]
 [     55       0     469       1       0     641       0       0       0
        4      21       0       0       0       0       0       0       7
        0      12       0       0       0      11]
 [    223       0       0     362       0       0       0       0       0
        0       0       0       0       0       0       0       0       0
        5       0       0       0       0       0]
 [     75       0       0       4   35962       0      10       0    2354
        0       0       0       0       0       0       0       3       0
        0       0       0       0       0       0]
 [    644       0    2069       0       2    3685       0       0       0
       31     108       0       0       3       1       0       0      23
        1      81       0       0       0     100]
 [    920       0       0       4       0       0    1170     815       7
       14       0       0       0       1       0       0       0       0
        0       0       0     157       0       0]
 [  10797       0       0       5     107       0    1346   56437     420
       91       0       0       0       0       0       0      24       0
        0       0      34      61       0       0]
 [    297       0       0      14       2       0     231       0     840
      147       0      78       0       0       0       0      20       0
        0       0      21       0       0       0]
 [     86       0       0      43       0       0       6       0      10
     1046       0      58       0       0       0       0       0       0
        0       0     488       0       2       0]
 [   5215       0    3886       2      19    7090       0       1       0
       68     256      24       0       0       5       4       1      93
        2     240       1       0       0     832]
 [     12       0       0       0       1       0       0       0       0
        3       0    2365       0       0       0       0       0       0
        0       0       0       0       0       0]
 [   1448       0    1390       0       3    2376       0       0       0
       21      57       2       3     144       0       0       0      18
        0    1228       0       0       0     996]
 [    598       0     247       0       0     447       0       0       0
        4      18       0       0    3920       0       0       0       3
        0     139       1       0       0      53]
 [      0       0       0       0       0       0       0       0       0
        0       0       0       0       0       3       0       0       0
        0       0       0       0       0       0]
 [      1       0       0       2       0       0       1       0       0
        1       0       0       0       0       0       6       0       0
        0       0       0       0       0       0]
 [    203       0       0      30      16       1       0       0       0
        0       1       1       0       0       0       0   47288       1
        0       0     135       0       3       0]
 [    433       0     742       0       0    1502       0       0       0
        8      46       0       0       0       0       0       0      14
        0    1647       0       0       0     169]
 [    899       0       0       0       0       0       0       0       0
        1       0       6       0       0       0       0       0       0
      863       0       0       0       0       0]
 [     27       0       0       0       0       0       0       0       0
        0       0       1       0       0       0       0       0       0
        0     189       0       0       0      43]
 [     77       0       0       0       0       0       0       0       0
        0       0       0       0       0       0       0       0       0
        5       0       0       0     370       0]
 [      2       0       0       0       0       0       0       0       0
        0       0       0       0       0       0       0       0       0
        0       0       0       4       0       0]
 [      9       0       0       0       0       0       0       1       0
        0       0       0       0       0       0       0       0       0
        0       0       0       0     186       0]
 [     11       0       0       0       0       0       0       0       0
        0       0       0       0       0       0       0       0       0
        0       4       0       0       0      16]]