[[1727789       0       0       0       0       0       0       1       2
        2       0       0       0       0       0       0       2       0
        0       0       0       0       0       0]
 [      0      63      31       0       0      97       0       0       0
        0     308       0      10       0       0       0       0       0
        0       0       0       0       0       0]
 [      0      87      49       0       0     318       0       0       0
        0     717       0      36      11       0       0       0       3
        0       0       0       0       0       0]
 [      0       0       0     588       0       0       0       0       0
        0       0       0       0       0       0       0       0       0
        2       0       0       0       0       0]
 [      4       0       0       2   38399       0       0       3       0
        0       0       0       0       0       0       0       0       0
        0       0       0       0       0       0]
 [      0     523      30       0       0    1708       0       0       0
        0    4116       0     302      38       0       0       0      25
        0       6       0       0       0       0]
 [      0       0       0       0       0       0    3073      12       3
        0       0       0       0       0       0       0       0       0
        0       0       0       0       0       0]
 [      5       0       0       0       0       0       2   69312       0
        0       0       0       0       0       0       0       2       0
        1       0       0       0       0       0]
 [      4       0       0       0       2       0       7       2    1627
        5       0       0       0       0       0       0       1       0
        2       0       0       0       0       0]
 [      0       0       0       0       0       0       4       1       1
     1731       0       0       0       0       0       0       0       0
        0       0       1       0       1       0]
 [      7     616      66       0       0    3845       0       0       0
        0   12241       0     672     140       0       0       0     144
        0       6       0       0       0       2]
 [      1       0       0       0       0       0       0       0       0
        1       0    2373       0       0       0       0       0       0
        4       0       2       0       0       0]
 [      7     181      42       0       0    1216       0       0       0
        0    2618       0    3432      24       0       0       0     108
        0      57       0       0       0       1]
 [      0      72       9       0       0     151       0       0       0
        0     746       0     115    4330       0       0       0       2
        0       5       0       0       0       0]
 [      0       0       0       0       0       0       0       0       0
        0       0       0       0       0       3       0       0       0
        0       0       0       0       0       0]
 [      3       0       0       1       0       0       1       0       0
        0       0       1       0       0       0       5       0       0
        0       0       0       0       0       0]
 [      1       0       0       0       1       0       1       8       0
        0       1       0       1       0       0       0   47662       1
        0       0       1       0       2       0]
 [      0     135       4       0       0     687       0       0       0
        0    1665       0     142      14       0       0       0    1912
        0       2       0       0       0       0]
 [      0       0       0       0       0       0       0       3       0
        1       0       7       0       0       0       0       0       0
     1758       0       0       0       0       0]
 [      0       0       0       0       0      13       0       0       0
        0      47       0     119      12       0       0       0      23
        0      46       0       0       0       0]
 [      0       0       0       0       0       0       1       1       0
        0       0       0       0       0       0       0       0       0
       13       0     369       0      68       0]
 [      0       0       0       0       0       0       4       0       0
        0       0       0       0       0       0       0       0       0
        1       0       0       1       0       0]
 [      0       0       0       0       0       0       2       4       0
        0       0       0       0       0       0       0       1       0
        1       0     124       0      64       0]
 [      0       0       0       0       0       1       0       0       0
        0      23       0       5       1       0       0       0       0
        0       0       0       0       0       1]]