[[1727796       0       0       0       0       0       0       0       0
        0       0       0       0       0       0       0       0       0
        0       0       0       0       0       0]
 [      0       0       0       0       0       0       0       0       0
        0     508       0       1       0       0       0       0       0
        0       0       0       0       0       0]
 [      0       0      13       0       0       4       0       0       0
        0    1180       0      16       5       0       0       0       3
        0       0       0       0       0       0]
 [      0       0       0     588       0       0       0       0       0
        0       0       0       0       0       0       0       0       0
        2       0       0       0       0       0]
 [      0       0       0       8   38400       0       0       0       0
        0       0       0       0       0       0       0       0       0
        0       0       0       0       0       0]
 [      0       0       1       0       0      17       0       0       0
        0    6501       0     181      33       0       0       0      13
        0       2       0       0       0       0]
 [      0       0       0       0       0       0    3063      22       2
        1       0       0       0       0       0       0       0       0
        0       0       0       0       0       0]
 [      0       0       0       0       0       0       0   69320       0
        0       0       0       0       0       0       0       1       0
        0       0       0       0       1       0]
 [      0       0       0       0       2       0       7       2    1612
       23       0       0       0       0       0       0       2       0
        2       0       0       0       0       0]
 [      0       0       0       0       0       0       4       1      58
     1674       0       0       0       0       0       0       0       0
        0       0       2       0       0       0]
 [      0       0       3       0       2       2       0       1       0
        0   16709       1     801     204       0       0       0       8
        0       8       0       0       0       0]
 [      0       0       0       0       0       0       5       0       0
        3       0    2370       0       0       0       0       0       0
        3       0       0       0       0       0]
 [      0       0       0       0       0       4       1       0       0
        0    4062       0    3281       6       0       0       0     264
        1      67       0       0       0       0]
 [      0       0       1       0       0       1       0       0       0
        0     969       0     192    4255       0       0       0       9
        0       3       0       0       0       0]
 [      0       0       0       0       0       0       0       0       0
        0       0       0       0       0       3       0       0       0
        0       0       0       0       0       0]
 [      0       0       0       1       0       0       1       1       0
        0       0       1       0       0       0       7       0       0
        0       0       0       0       0       0]
 [      0       0       0       0       7       0       2      19       0
        0       1       0       1       1       0       0   47644       1
        0       0       3       0       0       0]
 [      0       0       2       0       0       0       0       0       0
        0    2493       0     291       4       0       0       0    1770
        0       1       0       0       0       0]
 [      0       0       0       0       0       0       4       5       0
        1       0       5       0       0       0       0       0       0
     1753       0       1       0       0       0]
 [      0       0       0       0       0       0       0       0       0
        0      25       0     146       0       0       0       0      37
        0      52       0       0       0       0]
 [      0       0       0       0       0       0       1       2       0
        0       0       0       0       0       0       0       0       0
       39       0     410       0       0       0]
 [      0       0       0       0       0       0       4       1       0
        0       0       0       0       0       0       0       0       0
        1       0       0       0       0       0]
 [      0       0       0       0       0       0       2       4       0
        0       0       0       0       0       0       0       0       0
        1       0     186       0       3       0]
 [      0       0       0       0       0       0       0       0       0
        0      13       0      17       1       0       0       0       0
        0       0       0       0       0       0]]